4.606534699322257325e+02 1.239999999999999991e-01
4.606619934378082348e+02 -6.000000000000000125e-03
4.606705171485812116e+02 2.100000000000000130e-02
4.606790410645491534e+02 -2.599999999999999881e-02
4.606875651857164939e+02 7.299999999999999545e-02
4.606960895120877808e+02 -1.049999999999999961e-01
4.607046140436674477e+02 2.030000000000000138e-01
4.607131387804599285e+02 8.999999999999999320e-03
4.607216637224697706e+02 5.120000000000000107e-01
4.607301888697014647e+02 5.000000000000000278e-02
4.607387142221594445e+02 5.999999999999999778e-02
4.607472397798482007e+02 1.899999999999999953e-02
4.607557655427722807e+02 -3.799999999999999906e-02
4.607642915109360615e+02 1.590000000000000024e-01
4.607728176843442043e+02 1.829999999999999960e-01
4.607813440630010859e+02 1.229999999999999982e-01
4.607898706469111971e+02 1.479999999999999927e-01
4.607983974360790853e+02 1.280000000000000027e-01
4.608069244305091843e+02 3.469999999999999751e-01
4.608154516302060415e+02 3.800000000000000044e-01
4.608239790351742045e+02 4.719999999999999751e-01
4.608325066454181069e+02 4.470000000000000084e-01
4.608410344609422964e+02 5.390000000000000346e-01
4.608495624817512635e+02 6.810000000000000497e-01
4.608580907078494988e+02 6.650000000000000355e-01
4.608666191392415499e+02 5.270000000000000240e-01
4.608751477759319641e+02 6.480000000000000204e-01
4.608836766179251754e+02 1.415999999999999925e+00
4.608922056652257879e+02 1.445999999999999952e+00
4.609007349178382356e+02 1.518999999999999906e+00
4.609092643757671226e+02 1.560000000000000053e+00
4.609177940390168828e+02 1.233000000000000096e+00
4.609263239075921774e+02 9.000000000000000222e-01
4.609348539814973833e+02 6.229999999999999982e-01
4.609433842607371616e+02 3.890000000000000124e-01
4.609519147453159462e+02 1.789999999999999925e-01
4.609604454352383414e+02 1.529999999999999971e-01
4.609689763305088377e+02 4.599999999999999922e-02
4.609775074311320395e+02 2.109999999999999931e-01
4.609860387371123807e+02 1.049999999999999961e-01
4.609945702484544654e+02 1.310000000000000053e-01
4.610031019651628412e+02 5.199999999999999761e-02
4.610116338872420556e+02 -3.799999999999999906e-02
4.610201660146965992e+02 1.039999999999999952e-01
4.610286983475310763e+02 1.330000000000000071e-01
4.610372308857500343e+02 -1.899999999999999953e-02
4.610457636293580777e+02 7.199999999999999456e-02
4.610542965783596969e+02 -2.599999999999999881e-02
4.610628297327594396e+02 6.500000000000000222e-02
4.610713630925618531e+02 6.099999999999999867e-02
4.610798966577715419e+02 1.680000000000000104e-01
4.610884304283930533e+02 1.690000000000000113e-01
4.610969644044309916e+02 8.000000000000000167e-02
4.611054985858898476e+02 1.229999999999999982e-01
4.611140329727742824e+02 1.660000000000000087e-01
4.611225675650887865e+02 3.489999999999999769e-01
4.611311023628379644e+02 2.290000000000000091e-01
4.611396373660263635e+02 2.819999999999999729e-01
4.611481725746586449e+02 8.400000000000000522e-02
4.611567079887392424e+02 7.000000000000000666e-02
4.611652436082728741e+02 1.370000000000000107e-01
4.611737794332640306e+02 2.280000000000000082e-01
4.611823154637173161e+02 6.900000000000000577e-02
4.611908516996373351e+02 2.099999999999999922e-01
4.611993881410287486e+02 1.819999999999999951e-01
4.612079247878959904e+02 2.320000000000000118e-01
4.612164616402437787e+02 4.100000000000000172e-02
4.612249986980766039e+02 1.029999999999999943e-01
4.612335359613991841e+02 1.059999999999999970e-01
4.612420734302160668e+02 2.400000000000000050e-02
4.612506111045317994e+02 7.499999999999999722e-02
4.612591489843509862e+02 -1.299999999999999940e-02
4.612676870696782885e+02 8.000000000000000167e-02
4.612762253605182536e+02 -3.000000000000000062e-03
4.612847638568755428e+02 1.719999999999999862e-01
4.612933025587547604e+02 2.999999999999999889e-02
4.613018414661605107e+02 1.010000000000000064e-01
4.613103805790973411e+02 8.599999999999999312e-02
4.613189198975699128e+02 1.160000000000000059e-01
4.613274594215828870e+02 1.380000000000000115e-01
4.613359991511408680e+02 8.599999999999999312e-02
4.613445390862484601e+02 4.200000000000000261e-02
4.613530792269102676e+02 -2.299999999999999961e-02
4.613616195731308949e+02 -3.300000000000000155e-02
4.613701601249150599e+02 2.650000000000000133e-01
4.613787008822672533e+02 -1.700000000000000122e-02
4.613872418451922499e+02 -3.000000000000000062e-03
4.613957830136945972e+02 -2.100000000000000130e-02
4.614043243877788996e+02 8.100000000000000255e-02
4.614128659674498181e+02 8.799999999999999489e-02
4.614214077527120139e+02 2.400000000000000050e-02
4.614299497435702051e+02 1.000000000000000021e-03
4.614384919400288823e+02 4.100000000000000172e-02
4.614470343420927634e+02 7.299999999999999545e-02
4.614555769497665096e+02 1.499999999999999944e-02
4.614641197630547254e+02 1.239999999999999991e-01
4.614726627819621285e+02 5.199999999999999761e-02
4.614812060064932666e+02 2.310000000000000109e-01
4.614897494366528576e+02 3.890000000000000124e-01
4.614982930724455059e+02 5.160000000000000142e-01
4.615068369138759294e+02 8.379999999999999671e-01
4.615153809609487894e+02 9.649999999999999689e-01
4.615239252136686900e+02 9.789999999999999813e-01
4.615324696720403495e+02 8.080000000000000515e-01
4.615410143360683719e+02 5.220000000000000195e-01
4.615495592057574754e+02 4.040000000000000258e-01
4.615581042811123211e+02 3.009999999999999898e-01
4.615666495621375702e+02 2.159999999999999976e-01
4.615751950488378839e+02 1.199999999999999956e-01
4.615837407412179232e+02 1.089999999999999997e-01
4.615922866392824062e+02 2.190000000000000002e-01
4.616008327430359941e+02 8.699999999999999400e-02
4.616093790524834048e+02 1.299999999999999940e-02
4.616179255676291859e+02 8.300000000000000433e-02
4.616264722884781690e+02 -1.000000000000000056e-01
4.616350192150350153e+02 3.599999999999999728e-02
4.616435663473043292e+02 9.299999999999999933e-02
4.616521136852908285e+02 1.160000000000000059e-01
4.616606612289992881e+02 1.219999999999999973e-01
4.616692089784343125e+02 -2.599999999999999881e-02
4.616777569336006195e+02 -2.100000000000000130e-02
4.616863050945029272e+02 -2.999999999999999889e-02
4.616948534611458967e+02 5.399999999999999939e-02
4.617034020335343030e+02 -1.700000000000000122e-02
4.617119508116726934e+02 7.000000000000000666e-02
4.617204997955659564e+02 4.299999999999999656e-02
4.617290489852186965e+02 4.299999999999999656e-02
4.617375983806356317e+02 1.340000000000000080e-01
4.617461479818214798e+02 -8.300000000000000433e-02
4.617546977887809021e+02 7.799999999999999989e-02
4.617632478015187303e+02 1.400000000000000029e-02
4.617717980200395687e+02 7.900000000000000078e-02
4.617803484443481921e+02 1.370000000000000107e-01
4.617888990744493185e+02 1.029999999999999943e-01
4.617974499103476660e+02 2.000000000000000042e-02
4.618060009520479525e+02 -4.100000000000000172e-02
4.618145521995549529e+02 -2.000000000000000042e-03
4.618231036528732716e+02 5.199999999999999761e-02
4.618316553120077401e+02 4.499999999999999833e-02
4.618402071769630766e+02 5.999999999999999778e-02
4.618487592477439421e+02 1.610000000000000042e-01
4.618573115243551683e+02 -6.099999999999999867e-02
4.618658640068014734e+02 4.499999999999999833e-02
4.618744166950875183e+02 5.399999999999999939e-02
4.618829695892181348e+02 -2.400000000000000050e-02
4.618915226891979842e+02 -3.000000000000000062e-03
4.619000759950318979e+02 2.999999999999999889e-02
4.619086295067245374e+02 -2.100000000000000130e-02
4.619171832242807909e+02 5.000000000000000278e-02
4.619257371477052061e+02 -8.999999999999999320e-03
4.619342912770027283e+02 1.529999999999999971e-01
4.619428456121779618e+02 2.479999999999999982e-01
4.619514001532357383e+02 3.899999999999999994e-02
4.619599549001808327e+02 0.000000000000000000e+00
4.619685098530179630e+02 9.199999999999999845e-02
4.619770650117519608e+02 3.899999999999999994e-02
4.619856203763874305e+02 -2.000000000000000042e-03
4.619941759469293174e+02 -1.899999999999999953e-02
4.620027317233822828e+02 9.900000000000000466e-02
4.620112877057511014e+02 1.299999999999999940e-02
4.620198438940406049e+02 6.800000000000000488e-02
4.620284002882555114e+02 -2.699999999999999969e-02
4.620369568884005957e+02 2.000000000000000042e-02
4.620455136944806895e+02 -8.799999999999999489e-02
4.620540707065005677e+02 3.200000000000000067e-02
4.620626279244648913e+02 1.499999999999999944e-02
4.620711853483786058e+02 1.155999999999999917e+00
4.620797429782464292e+02 5.919999999999999707e-01
4.620883008140730794e+02 5.700000000000000205e-02
4.620968588558634451e+02 8.999999999999999667e-02
4.621054171036223011e+02 1.010000000000000064e-01
4.621139755573544221e+02 -8.000000000000000167e-03
4.621225342170645831e+02 1.209999999999999964e-01
4.621310930827576158e+02 -2.599999999999999881e-02
4.621396521544382381e+02 1.519999999999999962e-01
4.621482114321113954e+02 5.999999999999999778e-02
4.621567709157817490e+02 1.049999999999999961e-01
4.621653306054541872e+02 1.680000000000000104e-01
4.621738905011334850e+02 1.690000000000000113e-01
4.621824506028244173e+02 3.079999999999999960e-01
4.621910109105318725e+02 3.430000000000000271e-01
4.621995714242605686e+02 6.800000000000000488e-01
4.622081321440154511e+02 1.022000000000000020e+00
4.622166930698011811e+02 1.217999999999999972e+00
4.622252542016227039e+02 1.272999999999999909e+00
4.622338155394847945e+02 1.076000000000000068e+00
4.622423770833922276e+02 7.029999999999999583e-01
4.622509388333498350e+02 5.879999999999999671e-01
4.622595007893625620e+02 4.249999999999999889e-01
4.622680629514350699e+02 1.680000000000000104e-01
4.622766253195723039e+02 1.819999999999999951e-01
4.622851878937790389e+02 8.699999999999999400e-02
4.622937506740601066e+02 8.200000000000000344e-02
4.623023136604203387e+02 5.600000000000000117e-02
4.623108768528646237e+02 9.800000000000000377e-02
4.623194402513977934e+02 5.600000000000000117e-02
4.623280038560245657e+02 2.299999999999999961e-02
4.623365676667499429e+02 4.299999999999999656e-02
4.623451316835786997e+02 2.199999999999999872e-02
4.623536959065156680e+02 5.099999999999999672e-02
4.623622603355657361e+02 1.417999999999999927e+00
4.623708249707337927e+02 -7.799999999999999989e-02
4.623793898120245558e+02 1.229999999999999982e-01
4.623879548594429707e+02 2.800000000000000058e-02
4.623965201129938691e+02 -3.000000000000000062e-03
4.624050855726821396e+02 -2.999999999999999889e-02
4.624136512385126139e+02 -3.000000000000000062e-03
4.624222171104901236e+02 -3.899999999999999994e-02
4.624307831886196141e+02 6.800000000000000488e-02
4.624393494729059171e+02 3.899999999999999994e-02
4.624479159633538075e+02 5.800000000000000294e-02
4.624564826599682874e+02 1.160000000000000059e-01
4.624650495627541318e+02 -2.100000000000000130e-02
4.624736166717163428e+02 2.599999999999999881e-02
4.624821839868596385e+02 -1.000000000000000021e-02
4.624907515081889642e+02 7.299999999999999545e-02
4.624993192357092084e+02 3.699999999999999817e-02
4.625078871694252598e+02 -6.400000000000000133e-02
4.625164553093419499e+02 -3.300000000000000155e-02
4.625250236554642242e+02 1.489999999999999936e-01
4.625335922077969713e+02 9.099999999999999756e-02
4.625421609663450226e+02 8.200000000000000344e-02
4.625507299311133238e+02 -8.999999999999999320e-03
4.625592991021066496e+02 1.199999999999999956e-01
4.625678684793300590e+02 5.099999999999999672e-02
4.625764380627883838e+02 4.800000000000000100e-02
4.625850078524865694e+02 -3.899999999999999994e-02
4.625935778484293905e+02 1.099999999999999936e-02
4.626021480506218495e+02 1.120000000000000023e-01
4.626107184590687211e+02 4.299999999999999656e-02
4.626192890737750645e+02 -2.000000000000000042e-03
4.626278598947457681e+02 -1.799999999999999864e-02
4.626364309219856636e+02 5.700000000000000205e-02
4.626450021554997534e+02 3.000000000000000062e-03
4.626535735952928690e+02 8.999999999999999320e-03
4.626621452413699558e+02 -3.000000000000000062e-03
4.626707170937359024e+02 1.519999999999999962e-01
4.626792891523957110e+02 -5.899999999999999689e-02
4.626878614173542132e+02 1.029999999999999943e-01
4.626964338886164114e+02 -4.599999999999999922e-02
4.627050065661871372e+02 5.299999999999999850e-02
4.627135794500714496e+02 7.000000000000000666e-02
4.627221525402741236e+02 -1.150000000000000050e-01
4.627307258368002181e+02 -1.600000000000000033e-02
4.627392993396545648e+02 1.000000000000000021e-03
4.627478730488421661e+02 -5.000000000000000104e-03
4.627564469643679672e+02 2.500000000000000139e-02
4.627650210862367999e+02 6.700000000000000400e-02
4.627735954144537232e+02 1.459999999999999909e-01
4.627821699490235687e+02 8.100000000000000255e-02
4.627907446899513957e+02 6.500000000000000222e-02
4.627993196372420925e+02 -2.500000000000000139e-02
4.628078947909006615e+02 4.900000000000000189e-02
4.628164701509319912e+02 4.000000000000000083e-02
4.628250457173410837e+02 -1.499999999999999944e-02
4.628336214901327708e+02 1.200000000000000025e-02
4.628421974693121683e+02 4.499999999999999833e-02
4.628507736548841649e+02 3.099999999999999978e-02
4.628593500468537059e+02 3.500000000000000333e-02
4.628679266452257934e+02 8.100000000000000255e-02
4.628765034500053162e+02 4.000000000000000083e-03
4.628850804611973331e+02 -1.200000000000000025e-02
4.628936576788066759e+02 -1.799999999999999864e-02
4.629022351028384605e+02 6.700000000000000400e-01
4.629108127332975755e+02 3.300000000000000155e-01
4.629193905701890799e+02 7.499999999999999722e-02
4.629279686135178054e+02 7.099999999999999367e-02
4.629365468632888678e+02 8.000000000000000167e-02
4.629451253195071558e+02 7.399999999999999634e-02
4.629537039821777284e+02 1.640000000000000069e-01
4.629622828513054742e+02 4.000000000000000083e-02
4.629708619268954521e+02 -4.000000000000000083e-03
4.629794412089526645e+02 1.859999999999999987e-01
4.629880206974819998e+02 2.079999999999999905e-01
4.629966003924885172e+02 9.900000000000000466e-02
4.630051802939771619e+02 1.449999999999999900e-01
4.630137604019529931e+02 1.930000000000000049e-01
4.630223407164209561e+02 1.039999999999999952e-01
4.630309212373861101e+02 3.970000000000000195e-01
4.630395019648534003e+02 4.729999999999999760e-01
4.630480828988278859e+02 9.160000000000000364e-01
4.630566640393144553e+02 1.445999999999999952e+00
4.630652453863182245e+02 2.544000000000000039e+00
4.630738269398441389e+02 4.116999999999999993e+00
4.630824086998972575e+02 5.150999999999999801e+00
4.630909906664825826e+02 5.703000000000000291e+00
4.630995728396050595e+02 5.099000000000000199e+00
4.631081552192698041e+02 3.963999999999999968e+00
4.631167378054817050e+02 2.803999999999999826e+00
4.631253205982459349e+02 1.909999999999999920e+00
4.631339035975674392e+02 1.302000000000000046e+00
4.631424868034512770e+02 9.479999999999999538e-01
4.631510702159023936e+02 6.490000000000000213e-01
4.631596538349259049e+02 5.480000000000000426e-01
4.631682376605267564e+02 4.339999999999999969e-01
4.631768216927100639e+02 2.250000000000000056e-01
4.631854059314807728e+02 2.059999999999999887e-01
4.631939903768439422e+02 2.210000000000000020e-01
4.632025750288046311e+02 2.200000000000000011e-01
4.632111598873679554e+02 1.459999999999999909e-01
4.632197449525388606e+02 1.340000000000000080e-01
4.632283302243222920e+02 9.700000000000000289e-02
4.632369157027234792e+02 1.360000000000000098e-01
4.632455013877473675e+02 1.690000000000000113e-01
4.632540872793990729e+02 1.250000000000000000e-01
4.632626733776835408e+02 1.539999999999999980e-01
4.632712596826058871e+02 1.330000000000000071e-01
4.632798461941712276e+02 1.350000000000000089e-01
4.632884329123845646e+02 1.509999999999999953e-01
4.632970198372509003e+02 5.000000000000000278e-02
4.633056069687753507e+02 -8.799999999999999489e-02
4.633141943069629747e+02 1.290000000000000036e-01
4.633227818518188315e+02 -2.599999999999999881e-02
4.633313696033479232e+02 5.399999999999999939e-02
4.633399575615554227e+02 1.100000000000000006e-01
4.633485457264463889e+02 1.849999999999999978e-01
4.633571340980258242e+02 3.980000000000000204e-01
4.633657226762988444e+02 9.509999999999999565e-01
4.633743114612705654e+02 1.320000000000000062e-01
4.633829004529459326e+02 6.300000000000000044e-02
4.633914896513301755e+02 2.000000000000000042e-02
4.634000790564282966e+02 1.630000000000000060e-01
4.634086686682453546e+02 1.880000000000000004e-01
4.634172584867864657e+02 2.220000000000000029e-01
4.634258485120566888e+02 1.199999999999999956e-01
4.634344387440611968e+02 2.280000000000000082e-01
4.634430291828049917e+02 1.779999999999999916e-01
4.634516198282932464e+02 2.310000000000000109e-01
4.634602106805309631e+02 1.140000000000000041e-01
4.634688017395233146e+02 9.099999999999999756e-02
4.634773930052753599e+02 1.160000000000000059e-01
4.634859844777922149e+02 4.200000000000000261e-02
4.634945761570789386e+02 5.999999999999999778e-02
4.635031680431407040e+02 1.320000000000000062e-01
4.635117601359825699e+02 -7.399999999999999634e-02
4.635203524356096523e+02 1.390000000000000124e-01
4.635289449420270671e+02 7.099999999999999367e-02
4.635375376552398734e+02 8.999999999999999320e-03
4.635461305752533008e+02 4.000000000000000083e-02
4.635547237020723514e+02 2.089999999999999913e-01
4.635633170357022550e+02 7.799999999999999989e-02
4.635719105761480137e+02 2.500000000000000139e-02
4.635805043234148002e+02 1.419999999999999873e-01
4.635890982775077305e+02 2.900000000000000147e-02
4.635976924384319204e+02 2.599999999999999881e-02
4.636062868061925997e+02 1.310000000000000053e-01
4.636148813807947704e+02 5.600000000000000117e-02
4.636234761622435485e+02 1.499999999999999944e-02
4.636320711505441636e+02 6.300000000000000044e-02
4.636406663457017885e+02 7.399999999999999634e-02
4.636492617477214253e+02 4.000000000000000083e-02
4.636578573566082468e+02 3.599999999999999728e-02
4.636664531723674827e+02 -4.000000000000000083e-03
4.636750491950041919e+02 1.299999999999999940e-02
4.636836454245235473e+02 7.900000000000000078e-02
4.636922418609306646e+02 8.300000000000000433e-02
4.637008385042307168e+02 -4.000000000000000083e-02
4.637094353544288197e+02 2.400000000000000050e-02
4.637180324115302028e+02 1.350000000000000089e-01
4.637266296755399253e+02 5.500000000000000028e-02
4.637352271464632167e+02 3.099999999999999978e-02
4.637438248243051930e+02 1.419999999999999873e-01
4.637524227090710269e+02 4.499999999999999833e-02
4.637610208007659480e+02 1.350000000000000089e+00
4.637696190993949585e+02 2.530000000000000027e-01
4.637782176049634018e+02 1.010000000000000064e-01
4.637868163174762799e+02 5.000000000000000104e-03
4.637954152369388794e+02 1.650000000000000078e-01
4.638040143633563730e+02 1.330000000000000071e-01
4.638126136967339335e+02 -2.400000000000000050e-02
4.638212132370766199e+02 1.010000000000000064e-01
4.638298129843897755e+02 4.000000000000000083e-02
4.638384129386784025e+02 1.110000000000000014e-01
4.638470130999478442e+02 -3.000000000000000062e-03
4.638556134682032166e+02 1.239999999999999991e-01
4.638642140434496923e+02 1.179999999999999938e-01
4.638728148256924442e+02 2.550000000000000044e-01
4.638814158149367017e+02 5.020000000000000018e-01
4.638900170111875809e+02 5.440000000000000391e-01
4.638986184144504250e+02 6.310000000000000053e-01
4.639072200247302931e+02 5.200000000000000178e-01
4.639158218420324147e+02 3.330000000000000182e-01
4.639244238663620195e+02 2.520000000000000018e-01
4.639330260977243370e+02 1.869999999999999996e-01
4.639416285361244263e+02 2.190000000000000002e-01
4.639502311815676308e+02 2.359999999999999876e-01
4.639588340340591230e+02 5.700000000000000205e-02
4.639674370936040759e+02 1.839999999999999969e-01
4.639760403602077190e+02 5.299999999999999850e-02
4.639846438338752819e+02 -3.000000000000000062e-03
4.639932475146119941e+02 -8.400000000000000522e-02
4.640018514024229717e+02 1.270000000000000018e-01
4.640104554973135578e+02 1.869999999999999996e-01
4.640190597992889252e+02 1.099999999999999936e-02
4.640276643083543036e+02 1.779999999999999916e-01
4.640362690245148656e+02 8.500000000000000611e-02
4.640448739477758409e+02 1.940000000000000058e-01
4.640534790781425727e+02 2.469999999999999973e-01
4.640620844156201770e+02 2.740000000000000213e-01
4.640706899602138833e+02 1.930000000000000049e-01
4.640792957119289781e+02 2.620000000000000107e-01
4.640879016707707478e+02 3.039999999999999925e-01
4.640965078367442516e+02 2.610000000000000098e-01
4.641051142098548326e+02 2.240000000000000047e-01
4.641137207901077772e+02 1.640000000000000069e-01
4.641223275775083152e+02 2.000000000000000111e-01
4.641309345720615624e+02 1.400000000000000133e-01
4.641395417737729758e+02 2.039999999999999869e-01
4.641481491826476145e+02 4.450000000000000067e-01
4.641567567986908216e+02 3.719999999999999973e-01
4.641653646219078837e+02 7.209999999999999742e-01
4.641739726523039167e+02 1.104000000000000092e+00
4.641825808898843206e+02 1.266000000000000014e+00
4.641911893346542684e+02 1.338000000000000078e+00
4.641997979866190462e+02 1.239999999999999991e+00
4.642084068457839408e+02 9.320000000000000506e-01
4.642170159121542383e+02 7.990000000000000435e-01
4.642256251857351117e+02 0.483999999999999986e+00
4.642342346665319042e+02 4.060000000000000275e-01
4.642428443545498453e+02 2.760000000000000231e-01
4.642514542497942216e+02 2.129999999999999949e-01
4.642600643522703194e+02 2.939999999999999836e-01
4.642686746619834821e+02 4.119999999999999774e-01
4.642772851789388255e+02 5.480000000000000426e-01
4.642858959031417498e+02 8.669999999999999929e-01
4.642945068345974846e+02 1.302999999999999936e+00
4.643031179733113163e+02 1.774000000000000021e+00
4.643117293192885313e+02 1.881000000000000005e+00
4.643203408725344161e+02 1.907999999999999918e+00
4.643289526330543708e+02 1.467000000000000082e+00
4.643375646008535114e+02 1.225999999999999979e+00
4.643461767759372378e+02 8.739999999999999991e-01
4.643547891583108367e+02 6.360000000000000098e-01
4.643634017479795375e+02 4.000000000000000222e-01
4.643720145449486836e+02 3.280000000000000138e-01
4.643806275492235613e+02 2.819999999999999729e-01
4.643892407608095709e+02 1.270000000000000018e-01
4.643978541797119419e+02 2.900000000000000147e-02
4.644064678059359039e+02 7.900000000000000078e-02
4.644150816394868571e+02 1.140000000000000041e-01
4.644236956803700878e+02 3.200000000000000067e-02
4.644323099285909962e+02 1.839999999999999969e-01
4.644409243841547550e+02 1.310000000000000053e-01
4.644495390470667644e+02 1.219999999999999973e-01
4.644581539173322540e+02 -6.099999999999999867e-02
4.644667689949566807e+02 5.099999999999999672e-02
4.644753842799452741e+02 1.789999999999999925e-01
4.644839997723034344e+02 3.509999999999999787e-01
4.644926154720363343e+02 -3.000000000000000062e-03
4.645012313791494307e+02 1.280000000000000027e-01
4.645098474936480670e+02 1.700000000000000122e-02
4.645184638155374728e+02 5.899999999999999689e-02
4.645270803448230481e+02 -1.099999999999999936e-02
4.645356970815101363e+02 1.299999999999999940e-02
4.645443140256040238e+02 1.739999999999999880e-01
4.645529311771101675e+02 1.110000000000000014e-01
4.645615485360337402e+02 -3.799999999999999906e-02
4.645701661023801989e+02 1.029999999999999943e-01
4.645787838761548869e+02 9.600000000000000200e-02
4.645874018573630906e+02 1.059999999999999970e-01
4.645960200460102101e+02 3.599999999999999728e-02
4.646046384421016455e+02 1.160000000000000059e-01
4.646132570456426265e+02 2.109999999999999931e-01
4.646218758566386100e+02 1.580000000000000016e-01
4.646304948750948256e+02 2.489999999999999991e-01
4.646391141010167871e+02 3.079999999999999960e-01
4.646477335344098378e+02 3.089999999999999969e-01
4.646563531752792073e+02 5.130000000000000115e-01
4.646649730236303526e+02 4.020000000000000240e-01
4.646735930794686737e+02 5.979999999999999760e-01
4.646822133427994572e+02 8.439999999999999725e-01
4.646908338136280463e+02 1.312999999999999945e+00
4.646994544919599548e+02 2.108000000000000096e+00
4.647080753778005260e+02 2.911000000000000032e+00
4.647166964711550463e+02 4.251000000000000334e+00
4.647253177720289727e+02 5.679000000000000270e+00
4.647339392804275917e+02 6.971000000000000085e+00
4.647425609963564170e+02 7.831999999999999851e+00
4.647511829198207352e+02 7.929999999999999716e+00
4.647598050508259462e+02 7.192000000000000171e+00
4.647684273893774503e+02 6.094000000000000306e+00
4.647770499354807043e+02 4.828999999999999737e+00
4.647856726891409380e+02 3.722999999999999865e+00
4.647942956503637220e+02 2.700000000000000178e+00
4.648029188191543426e+02 1.836999999999999966e+00
4.648115421955182569e+02 1.352000000000000091e+00
4.648201657794608082e+02 1.096000000000000085e+00
4.648287895709874533e+02 6.510000000000000231e-01
4.648374135701035357e+02 4.909999999999999920e-01
4.648460377768145122e+02 4.410000000000000031e-01
4.648546621911257262e+02 4.400000000000000022e-01
4.648632868130426914e+02 5.290000000000000258e-01
4.648719116425708080e+02 4.769999999999999796e-01
4.648805366797153624e+02 6.979999999999999538e-01
4.648891619244818116e+02 9.709999999999999742e-01
4.648977873768756695e+02 1.435999999999999943e+00
4.649064130369022791e+02 2.059000000000000163e+00
4.649150389045670408e+02 2.408999999999999808e+00
4.649236649798754684e+02 2.436999999999999833e+00
4.649322912628329618e+02 2.040000000000000036e+00
4.649409177534448645e+02 1.616999999999999993e+00
4.649495444517166902e+02 1.243999999999999995e+00
4.649581713576537823e+02 1.050999999999999934e+00
4.649667984712617113e+02 1.018999999999999906e+00
4.649754257925458205e+02 1.120000000000000107e+00
4.649840536177177910e+02 1.481000000000000094e+00
4.649926819467688119e+02 1.969999999999999973e+00
4.650013104834661135e+02 2.584000000000000075e+00
4.650099392278150958e+02 3.853000000000000203e+00
4.650185681798212727e+02 5.075999999999999623e+00
4.650271973394899874e+02 4.596000000000000085e+00
4.650358267068267537e+02 4.716000000000000192e+00
4.650444562818369718e+02 4.357999999999999652e+00
4.650530860645260987e+02 3.850000000000000089e+00
4.650617160548996480e+02 3.140000000000000124e+00
4.650703462529630201e+02 2.690999999999999837e+00
4.650789766587216150e+02 2.166999999999999815e+00
4.650876072721810033e+02 1.725999999999999979e+00
4.650962380933465852e+02 1.467000000000000082e+00
4.651048691222238745e+02 1.270999999999999908e+00
4.651135003588182144e+02 1.203000000000000069e+00
4.651221318031352325e+02 1.332999999999999963e+00
4.651307634551802153e+02 1.508000000000000007e+00
4.651393953149587901e+02 1.544000000000000039e+00
4.651480273824763003e+02 1.729999999999999982e+00
4.651566596577383166e+02 1.713000000000000078e+00
4.651652921407502390e+02 1.530999999999999917e+00
4.651739248315175814e+02 1.282000000000000028e+00
4.651825577300458576e+02 1.217999999999999972e+00
4.651911908363404677e+02 9.709999999999999742e-01
4.651998241504069256e+02 6.310000000000000053e-01
4.652084576722506881e+02 5.320000000000000284e-01
4.652170914018772692e+02 4.319999999999999951e-01
4.652257253392921825e+02 3.109999999999999987e-01
4.652343594845008283e+02 2.590000000000000080e-01
4.652429938375088341e+02 1.620000000000000051e-01
4.652516283983215999e+02 1.660000000000000087e-01
4.652602631669446396e+02 4.399999999999999745e-02
4.652688981433834670e+02 1.549999999999999989e-01
4.652775333276435390e+02 1.199999999999999956e-01
4.652861687197304263e+02 1.270000000000000018e-01
4.652948043196495291e+02 9.500000000000000111e-02
4.653034401274064749e+02 1.150000000000000050e-01
4.653120761430066636e+02 -4.000000000000000083e-03
4.653207123664556661e+02 2.699999999999999969e-02
4.653293487977589962e+02 7.900000000000000078e-02
4.653379854369220539e+02 1.310000000000000053e-01
4.653466222839504667e+02 6.500000000000000222e-02
4.653552593388497485e+02 -3.099999999999999978e-02
4.653638966016254130e+02 -2.999999999999999889e-02
4.653725340722829742e+02 5.000000000000000278e-02
4.653811717508278889e+02 6.199999999999999956e-02
4.653898096372657847e+02 7.499999999999999722e-02
4.653984477316021184e+02 6.300000000000000044e-02
4.654070860338424609e+02 -6.300000000000000044e-02
4.654157245439923258e+02 3.599999999999999728e-02
4.654243632620571702e+02 3.099999999999999978e-02
4.654330021880426784e+02 1.179999999999999938e-01
4.654416413219542505e+02 8.400000000000000522e-02
4.654502806637974572e+02 1.239999999999999991e-01
4.654589202135779260e+02 2.399999999999999911e-01
4.654675599713011138e+02 2.290000000000000091e-01
4.654761999369725345e+02 2.000000000000000042e-03
4.654848401105978155e+02 6.500000000000000222e-02
4.654934804921825275e+02 1.489999999999999936e-01
4.655021210817321275e+02 1.029999999999999943e-01
4.655107618792521862e+02 2.999999999999999889e-02
4.655194028847483310e+02 4.200000000000000261e-02
4.655280440982260188e+02 6.700000000000000400e-02
4.655366855196908773e+02 1.439999999999999891e-01
4.655453271491484202e+02 1.270000000000000018e-01
4.655539689866042181e+02 -3.200000000000000067e-02
4.655626110320638986e+02 -3.899999999999999994e-02
4.655712532855328618e+02 -6.099999999999999867e-02
4.655798957470168489e+02 9.600000000000000200e-02
4.655885384165213736e+02 3.799999999999999906e-02
4.655971812940519499e+02 -2.900000000000000147e-02
4.656058243796142051e+02 -4.000000000000000083e-03
4.656144676732137100e+02 -1.200000000000000025e-02
4.656231111748560920e+02 0.000000000000000000e+00
4.656317548845468082e+02 -4.800000000000000100e-02
4.656403988022915428e+02 8.400000000000000522e-02
4.656490429280958097e+02 1.130000000000000032e-01
4.656576872619652363e+02 5.299999999999999850e-02
4.656663318039053934e+02 -8.799999999999999489e-02
4.656749765539219084e+02 -6.600000000000000311e-02
4.656836215120202951e+02 7.199999999999999456e-02
4.656922666782062379e+02 6.600000000000000311e-02
4.657009120524852506e+02 7.799999999999999989e-02
4.657095576348629606e+02 3.000000000000000062e-03
4.657182034253449388e+02 6.600000000000000311e-02
4.657268494239368692e+02 8.400000000000000522e-02
4.657354956306442091e+02 6.400000000000000133e-02
4.657441420454726995e+02 9.900000000000000466e-02
4.657527886684278542e+02 2.900000000000000147e-02
4.657614354995153576e+02 1.869999999999999996e-01
4.657700825387407804e+02 1.179999999999999938e-01
4.657787297861097500e+02 1.489999999999999936e-01
4.657873772416278371e+02 8.500000000000000611e-02
4.657960249053007260e+02 3.059999999999999942e-01
4.658046727771339306e+02 2.580000000000000071e-01
4.658133208571331920e+02 1.779999999999999916e-01
4.658219691453040809e+02 1.759999999999999898e-01
4.658306176416521680e+02 1.920000000000000040e-01
4.658392663461831944e+02 1.729999999999999871e-01
4.658479152589026739e+02 2.419999999999999929e-01
4.658565643798162910e+02 1.839999999999999969e-01
4.658652137089296730e+02 2.169999999999999984e-01
4.658738632462484475e+02 2.949999999999999845e-01
4.658825129917782419e+02 1.580000000000000016e-01
4.658911629455246839e+02 1.880000000000000004e-01
4.658998131074934008e+02 1.130000000000000032e-01
4.659084634776901339e+02 2.310000000000000109e-01
4.659171140561204538e+02 1.670000000000000095e-01
4.659257648427899312e+02 8.500000000000000611e-02
4.659344158377043073e+02 1.100000000000000006e-01
4.659430670408692663e+02 1.970000000000000084e-01
4.659517184522903790e+02 8.300000000000000433e-02
4.659603700719732728e+02 1.039999999999999952e-01
4.659690218999237459e+02 7.499999999999999722e-02
4.659776739361473119e+02 -2.100000000000000130e-02
4.659863261806497121e+02 6.400000000000000133e-02
4.659949786334365172e+02 1.219999999999999973e-01
4.660036312945134682e+02 7.799999999999999989e-02
4.660122841638862496e+02 5.600000000000000117e-02
4.660209372415604321e+02 4.499999999999999833e-02
4.660295905275417567e+02 1.580000000000000016e-01
4.660382440218358511e+02 -2.199999999999999872e-02
4.660468977244483995e+02 8.300000000000000433e-02
4.660555516353850862e+02 2.199999999999999872e-02
4.660642057546515957e+02 4.599999999999999922e-02
4.660728600822536691e+02 1.680000000000000104e-01
4.660815146181968203e+02 7.900000000000000078e-02
4.660901693624868471e+02 5.199999999999999761e-02
4.660988243151294341e+02 -2.900000000000000147e-02
4.661074794761302087e+02 1.019999999999999934e-01
4.661161348454949120e+02 -1.150000000000000050e-01
4.661247904232292854e+02 7.099999999999999367e-02
4.661334462093388424e+02 -8.999999999999999320e-03
4.661421022038294382e+02 1.960000000000000075e-01
4.661507584067067000e+02 1.799999999999999864e-02
4.661594148179763692e+02 1.799999999999999864e-02
4.661680714376440733e+02 2.260000000000000064e-01
4.661767282657155533e+02 3.180000000000000049e-01
4.661853853021965506e+02 4.279999999999999916e-01
4.661940425470926925e+02 5.500000000000000444e-01
4.662027000004097772e+02 5.959999999999999742e-01
4.662113576621534321e+02 4.259999999999999898e-01
4.662200155323293984e+02 4.460000000000000075e-01
4.662286736109434173e+02 2.489999999999999991e-01
4.662373318980012300e+02 1.160000000000000059e-01
4.662459903935084071e+02 1.869999999999999996e-01
4.662546490974708036e+02 1.029999999999999943e-01
4.662633080098941036e+02 4.100000000000000172e-02
4.662719671307840485e+02 4.499999999999999833e-02
4.662806264601463226e+02 1.300000000000000044e-01
4.662892859979866671e+02 9.099999999999999756e-02
4.662979457443108231e+02 -5.700000000000000205e-02
4.663066056991245318e+02 1.350000000000000089e-01
4.663152658624334208e+02 4.299999999999999656e-02
4.663239262342434017e+02 4.499999999999999833e-02
4.663325868145601021e+02 -3.200000000000000067e-02
4.663412476033893199e+02 8.899999999999999578e-02
4.663499086007366827e+02 1.290000000000000036e-01
4.663585698066080454e+02 -8.400000000000000522e-02
4.663672312210090354e+02 2.400000000000000050e-02
4.663758928439455076e+02 1.120000000000000023e-01
4.663845546754232032e+02 1.179999999999999938e-01
4.663932167154478066e+02 -2.400000000000000050e-02
4.664018789640251725e+02 7.399999999999999634e-02
4.664105414211609286e+02 -8.999999999999999320e-03
4.664192040868609297e+02 -2.900000000000000147e-02
4.664278669611308601e+02 3.200000000000000067e-02
4.664365300439765747e+02 -4.000000000000000083e-03
4.664451933354037578e+02 -1.499999999999999944e-02
4.664538568354182075e+02 5.000000000000000278e-02
4.664625205440256082e+02 8.999999999999999320e-03
4.664711844612318714e+02 -8.000000000000000167e-02
4.664798485870426248e+02 6.400000000000000133e-02
4.664885129214637232e+02 -3.799999999999999906e-02
4.664971774645009077e+02 1.079999999999999988e-01
4.665058422161599765e+02 8.500000000000000611e-02
4.665145071764467843e+02 1.799999999999999864e-02
4.665231723453669588e+02 -7.599999999999999811e-02
4.665318377229263547e+02 -1.799999999999999864e-02
4.665405033091307132e+02 1.600000000000000033e-02
4.665491691039858893e+02 -1.200000000000000025e-02
4.665578351074976240e+02 2.900000000000000147e-02
4.665665013196717723e+02 2.999999999999999889e-02
4.665751677405140185e+02 1.799999999999999864e-02
4.665838343700302175e+02 6.700000000000000400e-02
4.665925012082261105e+02 2.699999999999999969e-02
4.666011682551075523e+02 3.200000000000000067e-02
4.666098355106803410e+02 1.600000000000000033e-02
4.666185029749502746e+02 8.500000000000000611e-02
4.666271706479231511e+02 8.999999999999999320e-03
4.666358385296047118e+02 -4.900000000000000189e-02
4.666445066200008682e+02 -3.400000000000000244e-02
4.666531749191174185e+02 1.499999999999999944e-02
4.666618434269600471e+02 1.539999999999999980e-01
4.666705121435347792e+02 1.000000000000000021e-02
4.666791810688472424e+02 -5.399999999999999939e-02
4.666878502029032916e+02 1.000000000000000021e-02
4.666965195457088385e+02 -2.400000000000000050e-02
4.667051890972695674e+02 2.000000000000000042e-03
4.667138588575913900e+02 1.700000000000000122e-02
4.667225288266801044e+02 7.299999999999999545e-02
4.667311990045415655e+02 7.900000000000000078e-02
4.667398693911816281e+02 1.140000000000000041e-01
4.667485399866059765e+02 1.130000000000000032e-01
4.667572107908205794e+02 1.940000000000000058e-01
4.667658818038312347e+02 -3.699999999999999817e-02
4.667745530256436837e+02 1.499999999999999944e-01
4.667832244562640085e+02 1.549999999999999989e-01
4.667918960956977799e+02 5.800000000000000294e-02
4.668005679439509663e+02 -1.000000000000000021e-03
4.668092400010294796e+02 3.200000000000000067e-02
4.668179122669390040e+02 4.399999999999999745e-02
4.668265847416855081e+02 -2.100000000000000130e-02
4.668352574252747900e+02 1.590000000000000024e-01
4.668439303177127044e+02 4.599999999999999922e-02
4.668526034190051632e+02 -1.189999999999999947e-01
4.668612767291579075e+02 8.599999999999999312e-02
4.668699502481769059e+02 6.099999999999999867e-02
4.668786239760678995e+02 -7.399999999999999634e-02
4.668872979128369138e+02 7.799999999999999989e-02
4.668959720584896900e+02 4.299999999999999656e-02
4.669046464130321965e+02 2.900000000000000147e-02
4.669133209764701178e+02 7.199999999999999456e-02
4.669219957488094792e+02 1.799999999999999864e-02
4.669306707300560788e+02 2.100000000000000130e-02
4.669393459202158851e+02 -1.700000000000000122e-02
4.669480213192946962e+02 2.100000000000000130e-02
4.669566969272983670e+02 -1.600000000000000033e-02
4.669653727442328659e+02 -8.000000000000000167e-03
4.669740487701039342e+02 0.000000000000000000e+00
4.669827250049175973e+02 -7.399999999999999634e-02
4.669914014486795963e+02 5.099999999999999672e-02
4.670000781013959568e+02 -4.000000000000000083e-03
4.670087549630725334e+02 9.400000000000000022e-02
4.670174320337152380e+02 -2.100000000000000130e-02
4.670261093133298687e+02 -1.000000000000000056e-01
4.670347868019223938e+02 2.199999999999999872e-02
4.670434644994986115e+02 7.599999999999999811e-02
4.670521424060645472e+02 1.189999999999999947e-01
4.670608205216260558e+02 -2.599999999999999881e-02
4.670694988461890489e+02 8.200000000000000344e-02
4.670781773797594383e+02 5.299999999999999850e-02
4.670868561223430788e+02 6.800000000000000488e-02
4.670955350739459391e+02 1.499999999999999944e-02
4.671042142345738171e+02 4.000000000000000083e-03
4.671128936042327950e+02 -4.000000000000000083e-02
4.671215731829286710e+02 4.800000000000000100e-02
4.671302529706674704e+02 4.499999999999999833e-02
4.671389329674549344e+02 -1.700000000000000122e-02
4.671476131732970885e+02 -5.700000000000000205e-02
4.671562935881999010e+02 -6.300000000000000044e-02
4.671649742121692270e+02 -3.400000000000000244e-02
4.671736550452109782e+02 2.999999999999999889e-02
4.671823360873311231e+02 -6.000000000000000125e-03
4.671910173385355733e+02 5.899999999999999689e-02
4.671996987988302976e+02 1.099999999999999936e-02
4.672083804682211507e+02 -1.600000000000000033e-02
4.672170623467141581e+02 -8.000000000000000167e-03
4.672257444343152315e+02 -4.700000000000000011e-02
4.672344267310302826e+02 -2.100000000000000130e-02
4.672431092368652799e+02 -1.499999999999999944e-02
4.672517919518261920e+02 2.100000000000000130e-02
4.672604748759188737e+02 6.600000000000000311e-02
4.672691580091493506e+02 5.000000000000000278e-02
4.672778413515235343e+02 -2.000000000000000042e-02
4.672865249030473933e+02 6.700000000000000400e-02
4.672952086637268394e+02 3.400000000000000244e-02
4.673038926335678980e+02 3.099999999999999978e-02
4.673125768125765376e+02 -1.310000000000000053e-01
4.673212612007586131e+02 2.000000000000000042e-03
4.673299457981202067e+02 1.150000000000000050e-01
4.673386306046671734e+02 -8.000000000000000167e-03
4.673473156204055385e+02 -2.400000000000000050e-02
4.673560008453412706e+02 1.600000000000000033e-02
4.673646862794803383e+02 -1.299999999999999940e-02
4.673733719228286532e+02 -6.400000000000000133e-02
4.673820577753922976e+02 3.500000000000000333e-02
4.673907438371771832e+02 -1.099999999999999936e-02
4.673994301081892786e+02 5.999999999999999778e-02
4.674081165884345523e+02 -3.599999999999999728e-02
4.674168032779189730e+02 2.500000000000000139e-02
4.674254901766486228e+02 2.000000000000000042e-02
4.674341772846293566e+02 1.320000000000000062e-01
4.674428646018672566e+02 -1.299999999999999940e-02
4.674515521283682915e+02 4.700000000000000011e-02
4.674602398641384298e+02 1.049999999999999961e-01
4.674689278091836400e+02 8.699999999999999400e-02
4.674776159635100043e+02 7.900000000000000078e-02
4.674863043271234346e+02 6.700000000000000400e-02
4.674949929000299562e+02 3.899999999999999994e-02
4.675036816822355945e+02 8.999999999999999667e-02
4.675123706737463181e+02 -1.299999999999999940e-02
4.675210598745681523e+02 3.000000000000000062e-03
4.675297492847070657e+02 1.640000000000000069e-01
4.675384389041690838e+02 -1.000000000000000021e-02
4.675471287329602887e+02 -2.400000000000000050e-02
4.675558187710866491e+02 1.100000000000000006e-01
4.675645090185541335e+02 5.800000000000000294e-02
4.675731994753687673e+02 1.400000000000000029e-02
4.675818901415365758e+02 1.400000000000000133e-01
4.675905810170635846e+02 1.010000000000000064e-01
4.675992721019558758e+02 2.089999999999999913e-01
4.676079633962194180e+02 9.199999999999999845e-02
4.676166548998601797e+02 -3.400000000000000244e-02
4.676253466128843002e+02 2.059999999999999887e-01
4.676340385352977478e+02 -6.700000000000000400e-02
4.676427306671066049e+02 5.700000000000000205e-02
4.676514230083167831e+02 1.310000000000000053e-01
4.676601155589344785e+02 1.469999999999999918e-01
4.676688083189656595e+02 2.459999999999999964e-01
4.676775012884162948e+02 6.000000000000000125e-03
4.676861944672925233e+02 8.799999999999999489e-02
4.676948878556003706e+02 6.800000000000000488e-02
4.677035814533458051e+02 1.829999999999999960e-01
4.677122752605350229e+02 2.190000000000000002e-01
4.677209692771738787e+02 2.049999999999999878e-01
4.677296635032686254e+02 2.449999999999999956e-01
4.677383579388251746e+02 3.910000000000000142e-01
4.677470525838496087e+02 4.660000000000000253e-01
4.677557474383480098e+02 4.600000000000000200e-01
4.677644425023265171e+02 2.989999999999999880e-01
4.677731377757910991e+02 1.950000000000000067e-01
4.677818332587477244e+02 3.160000000000000031e-01
4.677905289512026457e+02 1.310000000000000053e-01
4.677992248531618316e+02 2.199999999999999872e-02
4.678079209646313643e+02 2.389999999999999902e-01
4.678166172856173262e+02 9.099999999999999756e-02
4.678253138161257425e+02 3.330000000000000182e-01
4.678340105561627524e+02 1.729999999999999871e-01
4.678427075057343814e+02 9.800000000000000377e-02
4.678514046648467684e+02 -2.299999999999999961e-02
4.678601020335059388e+02 2.000000000000000042e-02
4.678687996117179750e+02 2.999999999999999889e-02
4.678774973994890161e+02 7.199999999999999456e-02
4.678861953968250873e+02 6.199999999999999956e-02
4.678948936037323278e+02 1.479999999999999927e-01
4.679035920202168199e+02 3.899999999999999994e-02
4.679122906462846458e+02 -6.800000000000000488e-02
4.679209894819418878e+02 1.499999999999999944e-02
4.679296885271946849e+02 1.010000000000000064e-01
4.679383877820490056e+02 5.099999999999999672e-02
4.679470872465111029e+02 -1.000000000000000021e-02
4.679557869205870588e+02 8.200000000000000344e-02
4.679644868042828421e+02 1.019999999999999934e-01
4.679731868976047622e+02 1.330000000000000071e-01
4.679818872005587878e+02 8.599999999999999312e-02
4.679905877131510579e+02 -1.299999999999999940e-02
4.679992884353877116e+02 1.390000000000000124e-01
4.680079893672748312e+02 1.729999999999999871e-01
4.680166905088185558e+02 -1.400000000000000029e-02
4.680253918600249676e+02 -5.000000000000000278e-02
4.680340934209002057e+02 -1.400000000000000029e-02
4.680427951914504092e+02 1.299999999999999940e-02
4.680514971716817740e+02 7.900000000000000078e-02
4.680601993616002687e+02 4.200000000000000261e-02
4.680689017612121461e+02 -1.200000000000000025e-02
4.680776043705234883e+02 5.700000000000000205e-02
4.680863071895403777e+02 -1.000000000000000021e-02
4.680950102182690671e+02 1.700000000000000122e-02
4.681037134567155817e+02 -2.100000000000000130e-02
4.681124169048861177e+02 1.280000000000000027e-01
4.681211205627867571e+02 5.899999999999999689e-02
4.681298244304236960e+02 1.000000000000000021e-03
4.681385285078030734e+02 -1.150000000000000050e-01
4.681472327949310284e+02 -4.100000000000000172e-02
4.681559372918137569e+02 8.999999999999999320e-03
4.681646419984572844e+02 -6.800000000000000488e-02
4.681733469148678637e+02 -2.599999999999999881e-02
4.681820520410516338e+02 1.449999999999999900e-01
4.681907573770147337e+02 8.899999999999999578e-02
4.681994629227633027e+02 6.300000000000000044e-02
4.682081686783035366e+02 7.099999999999999367e-02
4.682168746436416313e+02 1.449999999999999900e-01
4.682255808187836124e+02 -2.000000000000000042e-02
4.682342872037357893e+02 8.899999999999999578e-02
4.682429937985043011e+02 1.209999999999999964e-01
4.682517006030952302e+02 0.000000000000000000e+00
4.682604076175148293e+02 5.999999999999999778e-02
4.682691148417692375e+02 1.010000000000000064e-01
4.682778222758647075e+02 2.699999999999999969e-02
4.682865299198073217e+02 -7.000000000000000146e-03
4.682952377736032190e+02 1.799999999999999864e-02
4.683039458372587092e+02 2.999999999999999889e-02
4.683126541107799881e+02 1.340000000000000080e-01
4.683213625941730811e+02 9.700000000000000289e-02
4.683300712874442411e+02 -4.299999999999999656e-02
4.683387801905997776e+02 -7.799999999999999989e-02
4.683474893036457729e+02 4.179999999999999827e-01
4.683561986265883661e+02 2.000000000000000042e-03
4.683649081594339236e+02 7.499999999999999722e-02
4.683736179021884709e+02 -1.700000000000000122e-02
4.683823278548582607e+02 -1.899999999999999953e-02
4.683910380174495458e+02 -2.599999999999999881e-02
4.683997483899684084e+02 -1.479999999999999927e-01
4.684084589724212151e+02 2.299999999999999961e-02
4.684171697648140480e+02 -1.000000000000000021e-03
4.684258807671531599e+02 6.199999999999999956e-02
4.684345919794447468e+02 -1.299999999999999940e-02
4.684433034016951183e+02 5.000000000000000104e-03
4.684520150339102997e+02 -3.799999999999999906e-02
4.684607268760966576e+02 -1.899999999999999953e-02
4.684694389282603879e+02 4.499999999999999833e-02
4.684781511904076865e+02 -1.899999999999999953e-02
4.684868636625447493e+02 0.000000000000000000e+00
4.684955763446778860e+02 3.799999999999999906e-02
4.685042892368131788e+02 -8.000000000000000167e-02
4.685130023389569942e+02 5.000000000000000278e-02
4.685217156511155281e+02 -2.400000000000000050e-02
4.685304291732949764e+02 1.000000000000000021e-02
4.685391429055015919e+02 -3.200000000000000067e-02
4.685478568477416275e+02 2.299999999999999961e-02
4.685565710000212789e+02 1.000000000000000021e-02
4.685652853623468559e+02 1.299999999999999940e-02
4.685739999347245544e+02 5.099999999999999672e-02
4.685827147171606271e+02 8.000000000000000167e-03
4.685914297096613268e+02 2.699999999999999969e-02
4.686001449122328495e+02 -1.499999999999999944e-02
4.686088603248815048e+02 -1.099999999999999936e-02
4.686175759476135454e+02 1.209999999999999964e-01
4.686262917804351673e+02 5.399999999999999939e-02
4.686350078233526801e+02 1.089999999999999997e-01
4.686437240763723366e+02 -2.000000000000000042e-03
4.686524405395003896e+02 9.299999999999999933e-02
4.686611572127430918e+02 1.200000000000000025e-02
4.686698740961067529e+02 -2.400000000000000050e-02
4.686785911895975687e+02 7.599999999999999811e-02
4.686873084932218489e+02 1.140000000000000041e-01
4.686960260069858464e+02 6.099999999999999867e-02
4.687047437308958706e+02 7.199999999999999456e-02
4.687134616649581176e+02 7.599999999999999811e-02
4.687221798091789537e+02 1.069999999999999979e-01
4.687308981635645750e+02 1.160000000000000059e-01
4.687396167281213479e+02 2.210000000000000020e-01
4.687483355028554683e+02 1.089999999999999997e-01
4.687570544877732459e+02 2.939999999999999836e-01
4.687657736828809902e+02 2.089999999999999913e-01
4.687744930881849541e+02 1.160000000000000059e-01
4.687832127036914471e+02 1.160000000000000059e-01
4.687919325294068358e+02 1.089999999999999997e-01
4.688006525653373160e+02 1.469999999999999918e-01
4.688093728114891974e+02 9.800000000000000377e-02
4.688180932678687896e+02 1.019999999999999934e-01
4.688268139344823453e+02 1.300000000000000044e-01
4.688355348113362311e+02 2.489999999999999991e-01
4.688442558984367565e+02 1.219999999999999973e-01
4.688529771957901175e+02 2.000000000000000042e-02
4.688616987034027943e+02 3.300000000000000155e-02
4.688704204212809827e+02 4.299999999999999656e-02
4.688791423494309925e+02 1.059999999999999970e-01
4.688878644878591331e+02 8.000000000000000167e-02
4.688965868365718279e+02 1.039999999999999952e-01
4.689053093955752161e+02 5.500000000000000028e-02
4.689140321648757777e+02 5.000000000000000278e-02
4.689227551444797655e+02 -6.000000000000000125e-03
4.689314783343934891e+02 -9.700000000000000289e-02
4.689402017346232583e+02 8.000000000000000167e-02
4.689489253451754962e+02 6.400000000000000133e-02
4.689576491660563988e+02 1.499999999999999944e-02
4.689663731972724463e+02 -6.300000000000000044e-02
4.689750974388298346e+02 -3.000000000000000062e-03
4.689838218907349869e+02 4.299999999999999656e-02
4.689925465529941562e+02 -1.469999999999999918e-01
4.690012714256137656e+02 2.299999999999999961e-02
4.690099965086000680e+02 6.700000000000000400e-02
4.690187218019595434e+02 -3.000000000000000062e-03
4.690274473056984448e+02 -4.900000000000000189e-02
4.690361730198230248e+02 -2.400000000000000050e-02
4.690448989443398773e+02 1.390000000000000124e-01
4.690536250792551414e+02 -8.000000000000000167e-03
4.690623514245752403e+02 4.299999999999999656e-02
4.690710779803065407e+02 -5.000000000000000278e-02
4.690798047464553520e+02 -3.000000000000000062e-03
4.690885317230280975e+02 -1.299999999999999940e-02
4.690972589100310870e+02 -1.600000000000000033e-02
4.691059863074706868e+02 7.000000000000000146e-03
4.691147139153532635e+02 3.099999999999999978e-02
4.691234417336852403e+02 9.800000000000000377e-02
4.691321697624729268e+02 -1.499999999999999944e-02
4.691408980017227464e+02 4.299999999999999656e-02
4.691496264514410086e+02 -8.899999999999999578e-02
4.691583551116340800e+02 -6.800000000000000488e-02
4.691670839823083838e+02 -9.400000000000000022e-02
4.691758130634702866e+02 3.300000000000000155e-02
4.691845423551262115e+02 4.700000000000000011e-02
4.691932718572824683e+02 2.299999999999999961e-02
4.692020015699454234e+02 2.900000000000000147e-02
4.692107314931215569e+02 5.999999999999999778e-02
4.692194616268171785e+02 -5.899999999999999689e-02
4.692281919710387683e+02 -3.899999999999999994e-02
4.692369225257925791e+02 1.160000000000000059e-01
4.692456532910851479e+02 1.390000000000000124e-01
4.692543842669227274e+02 5.700000000000000205e-02
4.692631154533118547e+02 2.599999999999999881e-02
4.692718468502588394e+02 -7.399999999999999634e-02
4.692805784577701047e+02 1.200000000000000025e-02
4.692893102758521309e+02 4.399999999999999745e-02
4.692980423045111706e+02 -5.700000000000000205e-02
4.693067745437537610e+02 -2.199999999999999872e-02
4.693155069935862684e+02 5.000000000000000278e-02
4.693242396540151162e+02 -3.899999999999999994e-02
4.693329725250466709e+02 -2.500000000000000139e-02
4.693417056066873556e+02 -6.199999999999999956e-02
4.693504388989436507e+02 1.509999999999999953e-01
4.693591724018219793e+02 2.100000000000000130e-02
4.693679061153287080e+02 -6.900000000000000577e-02
4.693766400394702600e+02 -1.099999999999999936e-02
4.693853741742530588e+02 5.600000000000000117e-02
4.693941085196835274e+02 7.299999999999999545e-02
4.694028430757681463e+02 5.299999999999999850e-02
4.694115778425133385e+02 3.099999999999999978e-02
4.694203128199254706e+02 -3.599999999999999728e-02
4.694290480080110797e+02 5.099999999999999672e-02
4.694377834067765320e+02 -5.299999999999999850e-02
4.694465190162282511e+02 -1.099999999999999936e-02
4.694552548363727169e+02 2.000000000000000042e-02
4.694639908672164097e+02 5.800000000000000294e-02
4.694727271087656959e+02 3.799999999999999906e-02
4.694814635610271125e+02 -8.000000000000000167e-03
